Avg: 0.46460667107301445
Std: 0.14968133637106926
